# 47 permutations of length 11 avoiding 321 that are BFS words of an
# increasing unary-binary tree but of NO increasing full binary tree.
1 4 2 5 3 7 8 9 10 6 11
1 4 2 5 3 7 8 9 11 6 10
1 4 2 5 3 7 8 10 11 6 9
1 4 2 5 3 7 9 10 11 6 8
1 4 2 5 3 8 9 10 11 6 7
1 4 2 6 3 5 8 9 10 7 11
1 4 2 6 3 5 8 9 10 11 7
1 4 2 6 3 5 8 9 11 7 10
1 4 2 6 3 5 8 10 11 7 9
1 4 2 6 3 5 9 10 11 7 8
1 4 2 6 3 7 8 9 10 5 11
1 4 2 6 3 7 8 9 11 5 10
1 4 2 6 3 7 8 10 11 5 9
1 4 2 6 3 7 9 10 11 5 8
1 4 2 6 3 8 9 10 11 5 7
1 4 2 7 3 5 8 9 10 6 11
1 4 2 7 3 5 8 9 10 11 6
1 4 2 7 3 5 8 9 11 6 10
1 4 2 7 3 5 8 10 11 6 9
1 4 2 7 3 5 9 10 11 6 8
1 4 2 7 3 8 9 10 11 5 6
1 4 2 8 3 5 9 10 11 6 7
1 5 2 6 3 4 8 9 10 7 11
1 5 2 6 3 4 8 9 10 11 7
1 5 2 6 3 4 8 9 11 7 10
1 5 2 6 3 4 8 10 11 7 9
1 5 2 6 3 4 9 10 11 7 8
1 5 2 6 3 7 8 9 10 4 11
1 5 2 6 3 7 8 9 11 4 10
1 5 2 6 3 7 8 10 11 4 9
1 5 2 6 3 7 9 10 11 4 8
1 5 2 6 3 8 9 10 11 4 7
1 5 2 7 3 4 8 9 10 6 11
1 5 2 7 3 4 8 9 10 11 6
1 5 2 7 3 4 8 9 11 6 10
1 5 2 7 3 4 8 10 11 6 9
1 5 2 7 3 4 9 10 11 6 8
1 5 2 7 3 8 9 10 11 4 6
1 5 2 8 3 4 9 10 11 6 7
1 6 2 7 3 4 8 9 10 5 11
1 6 2 7 3 4 8 9 10 11 5
1 6 2 7 3 4 8 9 11 5 10
1 6 2 7 3 4 8 10 11 5 9
1 6 2 7 3 4 9 10 11 5 8
1 6 2 7 3 8 9 10 11 4 5
1 6 2 8 3 4 9 10 11 5 7
1 7 2 8 3 4 9 10 11 5 6
